3.937955509231685219e-02
1.844631603171032586e+00
3.954022417148968849e+00
1.414559470315293499e+00
3.865144880266747851e+00
1.886492676643768129e-02
4.362495610020943992e+00
1.830964607405044173e-02
2.159952331784579460e+00
8.618543747997553517e-02
3.473348124358803524e-02
4.692817884201478940e+00
3.126480949319843106e+00
6.098518033178577102e-01
6.384260464773232335e-02
1.542683380004058469e-01
3.189081085840331564e+00
2.989483343093138679e+00
2.580108688968695940e+00
5.381588638927904678e-02
4.636720508338754154e-02
2.517636704242238732e+00
2.930429638554301608e+00
1.908465818192847996e+00
3.003441275526569920e-01
3.786267219045771903e-02
3.376902769068248489e-01
3.554160752627504860e-01
5.223475181568892900e-01
7.719385510671245010e-01
2.685896099149194693e+00
1.520867552566329328e+00
1.075499225244576085e+00
2.458084315598379366e+00
1.479824218290900051e+00
5.592624934539391218e-02
1.678466421129769515e+00
1.666205064170561023e+00
1.986320233467800955e+00
2.788851527668173791e+00
1.352369032623854106e-02
2.098979148151320029e+00
9.723557346011616476e-01
8.402096784326433809e-01
2.055244668110292494e+00
4.969829926135181652e-02
1.130243354964496572e+00
5.461094137398099235e-01
5.176661732417239259e-01
1.546740387627595137e+00
5.272539031527636970e-03
2.425939413092895958e+00
2.100867957922282869e+00
1.764171053025751057e+00
1.094899991348584178e+00
2.989332379544587526e-01
9.891015257180801878e-01
9.470368411580551982e-01
1.073969694107163253e+00
8.640024311757320552e-01
7.419937808066741358e-02
2.035174311295595562e+00
2.137798579940996202e+00
1.419744102202871394e+00
2.519352151936906203e+00
4.341145873975345987e-02
7.062365992839640949e-01
4.321031119874694792e-01
6.583072935925201596e-01
6.657870358321726911e-01
3.351581513909122206e-02
1.820699030498628579e+00
1.131844157917162308e+00
1.513874788421184503e+00
1.939281367931304567e+00
1.430796709032936855e-02
1.322232851119578889e+00
1.895420055541570781e+00
1.057452245742742880e+00
2.152428530597978007e+00
9.464948024679389546e-03
1.308713434897572414e+00
9.358685720241335382e-01
1.067719411939497043e+00
1.621044001622057973e+00
3.359731361583924436e-02
1.508911876056699297e+00
2.630967314798965617e+00
1.736772438814745634e+00
4.309807211601377475e+00
4.834427597233124929e-02
9.983434292061481585e-01
7.752976819311139245e-01
4.245368614407388774e-01
4.224465719701006039e-01
4.550799384631297635e-03
2.775338903258826040e+00
1.614571633383799290e-02
1.352749367439407324e+00
1.824066491562622128e+00
6.500866373427925671e-02
2.439283067119530912e+00
1.725737640312846599e+00
1.169928152243956632e+00
1.321699376456805908e+00
9.826712481899352314e-01
1.080965174087859193e+00
9.919394036279146620e-01
9.546790752824788617e-01
1.679624039320589457e+00
1.382204109791220978e-02
1.102140658837200249e+00
1.122630135449918631e+00
4.046456870543981843e-01
2.888161622218135549e-01
1.526960896734304643e-02
2.111305930510411211e-02
1.746526940582634677e-02
1.464930985115782791e+00
5.874604651192037730e-02
3.218891115845391726e-02
6.903126568830848797e-02
2.463870007071243887e-02
1.217305126394026882e+00
1.107160160267910837e-02
2.294130754548924858e-02
9.437940817130675564e-01
1.058868803726408014e+00
1.067940359242659953e+00
2.251356149338098689e+00
5.128246131607602093e-02
7.694994683540136091e-03
1.102403111059010898e+00
nan
6.889888021581257183e-02
3.437840625384588206e-02
9.699343345559041651e-01
9.529028388180439679e-02
nan
1.201606638673050238e-02
2.680413844886211580e-02
2.303991926169504101e+00
2.439262115269312581e+00
7.590512526170261065e-01
1.178002844861682386e+00
4.535826780687070292e-02
1.640586235563549433e+00
2.063345535103759509e+00
4.592475349179579447e-01
2.090354488780434006e-02
2.052349161576315362e-02
2.179387026282718409e+00
2.216910442325122244e+00
nan
1.372447295503088742e-02
3.638304003528158165e-02
1.541554909067859525e+00
1.449423911221602745e+00
1.144446548439895350e+00
2.633902094396204152e+00
2.090904645626639358e+00
2.069541466283367104e+00
1.875797384282347879e+00
1.861490841703262955e+00
2.442437743782466253e+00
4.706587270049272798e-02
7.512955113648891459e-01
1.039271058676329629e+00
3.087549374617709966e-02
2.965690841471954955e-02
9.990058997207329483e-01
2.578031233808451450e+00
3.671406346928577508e-02
1.140214486096903679e+00
2.766586702679546317e+00
1.617773354804558916e-01
2.122810049805643473e+00
2.119272763679097782e+00
1.521365481092760596e+00
1.727482499999999810e+00
1.613624167644928109e-02
6.394247527104436335e-01
2.329626473777400564e-02
4.056436331556106945e-01
1.033600982469051521e+00
3.829596093855117123e-02
1.148058230739276375e+00
6.912130914842878893e-01
6.634215669817362659e-01
7.347949377889478884e-02
3.050993871651570127e-02
2.367542096299155574e+00
2.129933422305144930e+00
1.270148448926875950e+00
3.101349475395305255e+00
6.734652557408520035e-02
1.760903118086700747e+00
1.733314055561272715e+00
1.300424330089891445e+00
2.335027711623894664e+00
1.379952088024003279e-02
7.295547466599471953e+00
6.720790832985565011e+00
1.561190676600488603e+00
8.332920875466341970e-01
8.664025511187645190e-02
2.439930042839978608e+00
2.284609686879804702e+00
3.004087650094085848e+00
2.383451421877767373e+00
1.756516787914753257e-03
2.928461149842564559e+00
2.579256809876844692e+00
2.352946739229776707e+00
1.331424736165820813e-02
3.203963030976890447e-02
2.061610863475250355e+00
1.788861644413049845e+00
1.882171699801921338e+00
1.093653553219493979e+00
1.052083361637816752e-02
2.373518081814112612e+00
1.491738467454752026e+00
1.084955657176954968e+00
1.261679912835255379e+00
5.974538317252844205e-02
5.233399484240401911e-01
1.896705405115412316e-02
7.633290394995617678e-02
8.142452923443960211e-01
2.247607481089796896e-02
2.676323624058319250e+00
2.230842308383599093e+00
1.940626865899803377e+00
2.318347247087135798e-01
1.710611349917828816e-02
6.926241575656352234e-01
4.934238383614771295e-01
1.113386431000318533e+00
8.911108506515806882e-01
6.223476053717640066e-03
1.918432314745740011e-02
2.461174954703892581e+00
4.886992938075600257e-02
1.277569829874156959e-01
6.403350620170016327e-01
2.608220782621172074e+00
2.323385285595048533e+00
1.354986154104469875e+00
1.619868267064740630e+00
1.570907902388470750e-02
2.202682203110969184e+00
1.684596877035169582e+00
1.932073208072136561e+00
4.452388494877083103e-01
5.510477873056565667e-02
1.806029890815897820e+00
1.449957799953978554e+00
1.018551042152290753e+00
2.583600205576686903e+00
2.102713226322336024e-02
2.519884735693282002e-02
1.807412325905222383e+00
nan
2.996990305581451186e-02
7.031343594801961472e-02
2.326372737199822183e+00
5.134414303697995563e-02
2.032245069152675221e+00
3.145268302276839290e+00
2.879819662749673326e-02
1.720121039739771485e+00
1.365525133161680893e+00
nan
2.987510649782997851e-01
6.147873171325575134e-03
1.852333957559750388e+00
1.406767403681771084e-02
1.779779943055538771e+00
1.706136798044951552e+00
8.428585462485034541e-02
1.762894229457505624e+00
9.913030222161790528e-01
1.121628167347407112e+00
2.164066461450224743e+00
3.468963053181990663e-02
2.105878325739186430e+00
2.617875352327691640e+00
3.677135678259136231e+00
6.188797641688829065e-01
2.489881802934938548e+00
2.002340049887366469e+00
2.067579613042050735e+00
2.450359217314023397e+00
6.258394939479892775e-03
1.269000884649940791e-02
1.904526152686603968e+00
1.487816168321097754e+00
1.906085112078981458e+00
5.770368465521202861e-02
2.833446638664606151e-02
8.403774140183907226e-01
1.102941491677658821e-02
6.386424234477806605e-01
2.666939690430469301e-01
1.375386809677343891e-01
1.150722832940265672e+00
1.299877449316438671e+00
8.607312071467451142e-01
1.162977870745401932e+00
6.698042272589938007e-02
3.553635120871707215e-02
6.113246758852583507e-02
1.143121545113071624e+00
1.309587309530694021e+00
3.135187068022526197e-02
3.121121446539314517e-02
8.100542057248348859e-01
1.387663603795268541e+00
6.216645738585925285e-01
3.485036364161921835e-02
2.941617673349214979e+00
2.543286473861510188e+00
2.037688312165604643e+00
2.504438876004793979e+00
3.379188900028788634e-02
2.342316098953514558e+00
2.560242052322529105e+00
1.728263005009547104e+00
3.243008285230315479e+00
1.531043510547808184e-02
3.487537840309023807e+00
2.559658248454649954e+00
2.483550729805855894e+00
4.939527436185429249e-02
2.151791317172584150e-02
2.058471778724010992e+00
4.943399840130189848e-01
9.370453705034573755e-01
1.727392481294113491e+00
5.695379748387962432e-02
2.824815247796590434e+00
1.415998005385826097e+00
2.027506900303071458e+00
2.186214257566565067e+00
4.496650398527509557e-02
8.008554713968037142e-02
1.090373818043767873e+00
8.209348710650363756e-01
2.894019481043124675e-01
2.458250416650811787e-02
2.930542231020977439e+00
2.037714217532083705e+00
2.154264688653201087e+00
2.142110376146899586e+00
2.885205976454828514e-02
2.932691126734795706e+00
3.093225786553920553e+00
1.195237849667688090e+00
3.743458601851732404e+00
4.729747649681250582e-02
2.632678843460540374e+00
2.513043981435215013e+00
2.116345851549083612e+00
2.248514754549096217e+00
5.903537229195555958e-02
1.536269585716469772e-02
1.179859892383030129e+00
1.549450285345902900e+00
2.616827075024944493e-01
1.192378379780771255e-02
4.690327486142987778e-01
3.810574748046109961e-01
2.019248269155395764e-02
1.351084942837789793e+00
2.964552410835013391e-02
8.265313927039942277e-01
1.171774783293371147e+00
7.878292952273534544e-01
1.589142266476674115e-01
8.064826493779571684e-03
9.756290137518693409e-03
3.600800357074353253e-02
1.152276895680508728e+00
1.654225606817687488e+00
3.563753817955123138e-02
5.542031783865771777e-01
4.733693136998411988e-01
1.257449284384197230e-01
9.083201820299106055e-01
6.602041561123347946e-02
2.886797503100039464e+00
1.730624351079940171e+00
1.881222044680760597e+00
2.206416857118706776e-01
3.573308378862849466e-02
4.777979666005068710e-03
2.258656668389613209e+00
8.031632346149925050e-01
3.089649615414480910e-01
1.547190713649046825e-02
8.896393334954809384e-03
1.959331959719015526e+00
2.985481920731930305e+00
8.814291488410407327e-01
5.553974664492666987e-04
9.100886116824936645e-01
1.516397789478456604e+00
1.072308891534345499e+00
2.835403638123690229e-02
1.325594628991655193e-02
3.432144995043156510e-01
3.173895640969591758e-01
6.738602499999998940e+00
6.572826465654467432e-02
3.335785633399828559e-02
2.964265943793921831e+00
2.166759690092854296e+00
2.388796442102805617e+00
2.591413767853402383e+00
1.032529119118198030e-02
6.409028094177375567e-02
7.426322093547854664e-01
nan
1.945841427666487711e+00
6.528979477510031548e-02
1.307999010546498919e+00
7.798928281192520906e-01
1.214676285977656311e+00
2.437658271596632620e+00
3.581697961465817991e-03
1.016851641099104642e+00
9.935657701250636409e-01
1.337235303448286894e+00
1.910645526358905721e+00
6.787799475434856677e-02
2.795147824470678888e+00
5.579096657904416556e-01
1.778789105483533195e+00
1.488541224114284356e+00
2.321651426179379210e-02
1.523415949871851360e+00
1.059665670908617185e+00
nan
2.872094984244599747e+00
2.787352028859213168e-02
1.097371890013189577e-01
1.226216271062703922e-01
1.140266254588140127e+00
3.804769888334486261e+00
1.243590312463153935e-02
1.888038116943396405e+00
1.732671227217006615e+00
3.680863610489303051e-02
2.761398015299602715e+00
7.089427824979362136e-02
1.708200101901330870e+00
1.028607357654090615e+00
nan
2.521680098377307555e+00
2.880547937721009144e-02
1.404506536437583941e+00
1.105280800123441987e+00
2.736720819236347635e-02
2.714371106057273497e+00
6.167407392028807778e-02
8.170310542567877476e+00
7.655773667902152191e+00
6.712158429372339974e+00
6.685441032781918480e+00
6.238030181989043937e-02
3.340293297182258397e-02
1.882546510737259426e+00
nan
1.957005343159964994e+00
1.170116486760469782e-01
1.348658340791025978e+00
9.679441149730176885e-01
1.072293118955674585e+00
1.101170625766861866e+00
1.798340742651611743e-02
2.048141723609562259e-01
1.067924415669443683e-01
2.631214249945066808e+00
2.715799910198766209e+00
3.535262408945418627e-02
1.044413018996079634e+00
1.363315359357522016e+00
1.268496327899898191e+00
2.099186810674229964e+00
3.523330510381097926e-03
1.511863998112973562e+00
1.752823821899261336e+00
nan
1.721259336890057778e-01
3.593636901169271463e-03
4.678207962190913172e+00
4.159367113080516987e+00
3.790953363274165877e+00
4.064744806117292164e+00
1.065550827352172852e-01
1.013541646404183538e+00
8.565470240974529803e-01
2.766537565618425454e-01
5.651049027685681875e-02
4.163747561693609267e-02
1.404816398630470475e+00
3.902135401914484658e-02
2.662030924767079920e+00
5.438444999999999752e+00
4.004374684389001154e-02
1.461856931150335548e+00
1.314080364667891798e+00
1.597740879128782154e+00
2.342232114057502201e+00
1.398382874806800291e-01
2.589983835315674998e+00
2.124691335785197754e+00
1.518404320754665138e+00
3.043742262203078530e-01
6.212363130573759357e-02
8.162623893982560164e-01
6.167941087292624913e-02
1.268149654610112309e+00
1.356483591977238057e-01
9.536147125373905728e-03
2.609248120018663908e+00
1.611009250795815584e+00
1.106732967247741728e+00
1.189004668901540107e+00
5.728364957425416404e-02
1.975307423034105225e+00
5.329310792142086251e-02
1.536222416648005629e+00
1.592611240188402277e+00
5.411066363166515056e-03
3.283980896395720883e+00
3.309335976132926849e+00
1.055255724593203229e-02
2.528742167907721328e+00
3.665394785573614176e-03
8.102509323816521336e-01
1.451834943781816989e+00
nan
1.071806828933660749e-01
9.180530993029741016e-02
1.635755374325904565e+00
1.493297940833055559e+00
2.035726360891216391e+00
3.256327731037838902e+00
3.874512686108670667e-02
2.065651563377241207e+00
2.383814583331905990e+00
2.126929719196247071e+00
1.240465442381527283e-01
5.643400576456453904e-02
1.096520193042588742e+00
1.151201827988450388e+00
1.359175617153362214e+00
4.695257254570089911e-02
1.777237379199263570e-02
1.268736381874620012e+00
1.280298663987726737e+00
3.761206670717158307e+00
2.052107958881232541e+00
1.180311443152375628e-01
1.284934796778355093e+00
1.062692432716724644e+00
6.322704500631345370e-01
1.336109188155177208e+00
3.582869361724554808e-02
4.530345386796555407e-02
1.057451239879169336e+00
1.860397986115023716e+00
2.558961871498464546e+00
7.079567151394648705e-02
2.993190626352767225e+00
2.471101004584562499e+00
1.000301568836769572e+00
2.284317173075701035e+00
3.984748019754043302e-02
1.354237753882418849e+00
1.014063785825636055e+00
1.796722005049271667e-02
1.219356150308732678e+00
5.457910161527517769e-03
1.046628688307538017e-02
1.740853665383310794e-02
3.653318604303196437e+00
4.360853044682925450e+00
3.175155934180344530e-02
2.556370784142776853e-01
1.082406325813300152e-01
1.503218058771820242e-01
7.084884973475233938e-01
3.065763108400633777e-02
5.252285326516845210e+00
6.078819143128341373e+00
2.440857443385481496e+00
6.658282417073785098e+00
1.597888541313615962e-01
2.869319894422153183e+00
3.046577866021252579e+00
2.565075994811721660e+00
5.934202877159572287e-02
9.693311717332518673e-02
1.746030117555080974e+00
1.500219267744239311e-02
9.380118178260342665e-01
1.462905642996753519e-02
3.670365560300305890e-02
1.352401887334238273e+00
2.335858699385961579e+00
1.667763004707879082e+00
3.594138709016414968e+00
1.157240388047108687e-03
8.034659294398732721e-01
2.322313006635655375e-02
nan
4.434858553037161755e-02
7.196753193080282843e-03
2.031506911955363925e+00
1.931970550427295930e+00
1.586885288153789153e+00
2.040305267344190376e+00
8.969585476089313170e-02
1.430081727501795852e+00
1.205631499637730641e+00
1.468674310423026652e+00
1.695356776100125140e+00
2.223173345260299680e-02
2.730768745511362727e+00
1.567144170334892284e+00
2.630716109072360975e+00
2.848294256927400347e+00
3.775498987655986211e-02
1.083241237810440127e+00
6.005119538826883541e-02
5.744149409271445128e-01
1.948505848992015732e+00
2.294377554065735181e-02
2.420731746230875725e+00
8.343537707203302345e-02
6.009634290732044803e+00
5.284107663139059330e-02
2.878003526582953789e-02
1.422900176665342353e-01
1.325902189641819495e+00
1.485390090060814350e+00
3.209338292851713792e+00
1.203168324250681286e-02
2.741085303815470109e+00
2.566610969133780173e+00
nan
6.186867161696910783e-02
3.212843692870199531e-03
3.191646574117402047e+00
4.903075691036420936e-02
2.555364694795160041e+00
4.106683735067693380e-02
1.420640006197706508e-02
2.667490639109111328e+00
2.316475219783264539e+00
1.595962732637742576e+00
2.766300253136912524e+00
1.077530803140569308e-02
8.140747483836611176e-01
4.398123452185417337e-01
nan
4.142002966421333421e-02
7.745175097276253001e-04
1.008247291965463921e+00
7.609414793178372882e-01
nan
1.730480361399840072e+00
1.476807400200483116e-02
1.888351059167234336e+00
5.233076723188171547e-02
nan
9.119561508778248685e-03
8.399017559053411144e-03
3.083994282041168516e-02
1.174167180327150506e+00
nan
2.168560574644665451e+00
7.708664534199579157e-03
1.108514555516675326e+00
3.800718119666739170e-02
1.690050816436960757e+00
2.400615494076628220e+00
1.252609007134020645e-02
2.144742971156568187e-02
1.140630112052564392e-02
3.326509748220933260e-01
4.111113455202464184e-02
1.211321291735683453e-01
5.372021398571438233e-01
4.011021646905970073e-01
6.392442398097611944e-01
1.479540859940398523e+00
2.068873231099476601e-02
1.292730469000420879e+00
2.311134681080924402e-01
9.459798327480688496e-01
7.905668282479808018e-02
5.131569193720638550e-02
4.852476411735464623e+00
5.881278938348625474e+00
3.411079595556969934e+00
1.685211486660290525e+00
4.319659439165137171e-01
4.451173236737447358e-01
3.819165998575607124e-01
1.958752844809706350e-01
2.496561343049843729e-01
1.433580400398536681e-01
1.176283695241258753e+00
1.083943527678616014e+00
7.716137013908703768e-01
1.866031846332814270e+00
2.827756501980484227e+00
1.995301942807977014e+00
4.754368344428763771e-01
4.466280000000000250e+00
8.256727314245460025e-02
6.261801336031477816e-02
1.107606912585749281e+00
1.282512024078865220e+00
2.022803772124184274e+00
7.635187162035221853e-01
4.359948265733701311e-02
8.419522135712524669e-02
9.855914866082861325e-02
1.746028659206921185e+00
1.419981168947291428e+00
7.358269742574590107e-03
2.583124953413165947e+00
8.209308816504166592e-03
nan
4.371870988568356264e-02
3.740721094970590049e-02
2.434550850625019969e+00
2.056115015228491050e+00
1.357391230317373410e+00
2.480259442010045667e+00
1.424534647653682463e-02
7.784613197767507042e-01
6.750539666094097502e-01
7.518866086214837097e-01
9.996653103379669059e-01
2.905371871756647073e-02
2.418377067939701863e+00
2.538095016043072416e+00
2.558826990882645092e+00
3.110529646596920994e+00
1.146730152479611548e-02
1.088333738619676527e+00
9.678696122127411483e-01
1.267620757532501807e+00
1.689619041418835010e+00
1.728462445919276905e-02
2.972227938734627983e+00
2.640900415332586348e+00
2.532294661360203314e+00
2.794986025043880939e+00
4.522231868568159230e-02
2.664737410238776416e+00
1.815422205366035602e+00
1.007013232775389344e+00
2.661662406619615950e+00
3.871514546800272540e-03
6.565971827837991270e+00
4.951626178167378711e+00
9.070291558230319032e-03
5.795416664852183430e+00
6.706446531235236985e-02
6.904302493685028352e-01
7.544594582107727598e-01
6.533158649726189537e-01
8.121635870234300558e-01
2.433866265010327726e-02
2.296068939665922223e-02
2.973951681910945055e+00
nan
2.805336967252586966e+00
1.537342311505666449e-02
4.486443058931095074e+00
3.447486428039065576e+00
3.078787764523710724e+00
5.072460952419691971e+00
7.978713914968747767e-02
2.203045226125749600e+00
3.824588012201816933e-02
6.083458463915151215e-01
4.259709970061007489e+00
3.773399163299603898e-02
1.510602038437077965e+00
1.254278224631741212e+00
3.884794368042503998e-01
1.436718581295915120e+00
1.112841152886421929e-02
2.267260694328131709e+00
1.815113660092954273e+00
1.045296330429660747e+00
7.449330641407560238e-02
1.522315990793500218e-01
2.185819657967179808e+00
3.228007055028713768e-01
5.024476345230169949e-01
1.101568289969867553e+00
1.683039873465390704e-02
5.122583478105451754e-02
2.354489407073842577e-02
3.754797480183184599e-01
1.848880958617077352e-02
2.388896457935202333e-02
1.816328021039455010e-01
2.880603782513131983e-01
3.765323014349218900e-01
3.813428573818420375e-01
6.599755556024032577e-02
2.744088829756477388e+00
2.059738098489126035e+00
2.346292494296231990e+00
1.946239611630301014e-01
1.124151599433159954e-01
1.823766901223413117e-01
2.126619539969621386e-01
1.065985481544185376e+00
4.160270595285769923e-01
9.609686606041097090e-02
1.648846089015247873e+00
1.640807301423512277e+00
nan
1.429641077246668113e+00
7.410369299221358612e-03
1.496008825850883461e+00
2.125348236909399210e-02
nan
1.650793035107587375e-02
1.049526582241245599e-02
5.586732455942955866e+00
4.700498199296991586e-02
3.622863414313388652e+00
5.152617501079276963e+00
8.880927441893374588e-03
1.630843543442751786e-02
1.225190072937580643e+00
8.617264506644292110e-01
1.905787966591326876e+00
1.882708255036151870e-02
1.911424008611277925e+00
1.885443483116759245e+00
2.579363771175463338e+00
2.141094848401144723e+00
1.848575986018985429e-02
1.330553338506077800e-02
2.625557223193311973e+00
1.894264023644224970e+00
8.922740260731811326e-03
1.136155137944821168e-03
5.262770511775198556e-03
2.902255935425961456e-02
nan
4.713843366746128111e-02
2.786960292907218664e-03
3.104953989099989098e+00
2.236035060906880201e+00
1.001302020832691042e+00
2.624722736179146754e+00
1.066933247980068888e-02
1.985615848038957409e+00
1.755813295460063816e+00
5.341672511534746315e-01
6.896458922858636487e-02
1.309558456782688139e-02
1.892630889866861343e+00
1.300028516547165669e+00
7.583281551859234471e-01
2.015197205870167707e+00
2.249028556029848969e-01
5.152213057123045559e+00
4.164742812134060834e+00
3.748590845233773727e+00
4.399722388920914717e+00
4.852311313859582198e-02
2.243868448749172018e+00
2.124448753112267330e+00
8.973924455194691729e-01
2.100867421275695701e+00
3.083508481629279943e-02
3.169805626461556086e-02
9.690824452433794978e-01
5.534649305357940419e-01
1.426806822546841991e+00
1.208101334648997022e-02
2.161537773681205810e+00
2.772092548133468434e-02
1.653563289336866138e+00
2.509300489134242973e+00
2.391413292022284351e-02
1.860900936524372273e+00
1.539289994233876468e+00
1.456119207341197930e+00
1.776158294284699846e+00
1.528615308997846589e-02
2.111457318874108147e+00
1.346801639195090550e+00
1.405107648320413238e+00
1.863633296369167081e+00
1.086015245116418899e-02
2.600998452842926856e+00
4.094855308138653505e-02
1.478047900372815526e+00
7.648349932147406605e-02
1.485116281145662173e-02
2.338531098106017225e+00
2.196068421342383559e+00
1.823951960714088383e+00
2.046910387301968726e+00
1.340911121080257291e-02
1.362992145917538839e-02
1.572329316671799759e+00
nan
5.025052429049107344e-02
3.089342989709231019e-02
6.983837819671519398e+00
6.836790025915947311e+00
2.556638643643971864e+00
7.015882649208219135e+00
3.172739450137316685e-03
2.219847078615923286e-02
1.564876583780643982e+00
3.463617500000000238e+00
2.030354191631561153e-02
2.894452909711798735e-02
1.769085775476016489e-02
2.274990032168436649e+00
2.116841820003239061e+00
6.471739746249600966e-03
3.015176846975998678e-02
1.640322538966221266e+00
9.849962138614566376e-01
3.585895845897361656e-01
2.668297488933392803e+00
4.753124434263502479e-02
1.029998270667271953e-01
1.204014461966366856e+00
5.422426345472550757e-01
2.529884719352912814e+00
7.908968200697788845e-03
1.708935033427771422e-01
1.273705036569972027e-01
nan
7.416646022674485694e-01
1.276829299010235064e-01
1.784831586881068910e+00
2.113501427903403951e-02
1.725887034445991786e+00
2.107109516732033061e-01
9.922438975272541983e-03
2.413981593707103190e+00
2.463927292296277383e+00
nan
3.049264065758351627e+00
1.243316090389326076e-04
2.070998186255876838e+00
1.674947341200325734e+00
1.539318714706109370e+00
8.069120104841195559e-03
1.806032382354746252e-02
6.972454572496631364e+00
5.883195960894942900e+00
5.004625156209041137e+00
7.492249534500847297e+00
2.632568869253632649e+00
1.892036678501912483e+00
1.994152752775428805e+00
1.498500632069123206e+00
2.836215203439810484e+00
2.941775117124351829e-02
1.858525854512246944e+00
2.267972429266382761e+00
2.210271450909773172e+00
6.587814268280577368e-01
2.883302371450028115e-02
1.967823355446998379e+00
1.404461584087030923e+00
1.625545163239271451e+00
5.850936888670558167e-01
7.721565444215307446e-03
2.600382108306347639e+00
2.858379207629738517e+00
2.469363618586569498e+00
2.538704888761083467e+00
2.085192080344331830e-02
3.950607974275341383e-01
1.062288982951243299e-01
1.507059671921191057e+00
1.032735197314549769e+00
1.024730383184239632e-02
1.011846224442958936e-02
1.389982820825448773e+00
nan
2.401525052714474029e+00
1.072057541409934638e-02
2.000364770216338073e+00
1.948370207182954505e+00
2.702011307330240530e+00
1.997445835193483621e+00
4.824617914080955305e-01
1.365061580533162067e+00
1.009370461092795740e-01
4.271079247764535403e-01
1.963037134365016367e+00
1.043019667403255468e+00
1.486992926071009968e+00
4.143231609648089786e-01
6.680368424531897276e-01
1.827716421120088031e+00
1.404944313584022969e-02
2.242132882515463291e-02
5.347107534344099772e-02
1.472101386734286255e+00
2.204100600353633282e-02
7.235577456736371794e-03
2.135066954260598227e+00
1.248599885060944548e+00
2.039440664827125715e+00
6.540357070205293777e-01
3.864883264312082845e-02
2.152437624071453559e+00
2.058225858021480725e+00
1.253698452021402066e+00
2.124242715663279130e-02
2.645650346726136776e-03
2.670263976367280925e-02
1.602659632168268899e+00
4.610462499999999686e+00
1.770860080940585626e-02
8.942491479202561988e-02
5.577765211728257455e+00
5.913502992983370454e+00
2.003153263995184563e+00
4.310961320560459664e-01
1.693964643590661900e-02
1.313030649592675791e+00
1.539816742972863542e-02
4.552882671927953040e-01
3.105080045205204850e-02
3.953263806783503115e-02
3.233270244517383762e+00
5.317711787398126874e-03
2.177663123603652107e+00
1.260937881586243481e-01
1.282546514192485498e-02
1.668064363498849900e+00
2.118127657342727233e+00
nan
2.624992539778686851e+00
2.611802823487689995e+00
6.758511457401848999e-01
1.140057729436487755e+00
2.062861139654589948e+00
3.344272786163990929e+00
2.484175651332989204e-02
1.854818107958064455e-02
2.231472508132128052e+00
2.542619064471088208e+00
7.221356927459806826e-03
2.943519915017576809e-03
1.725870814938678777e+00
1.766253391137095008e+00
6.744279608174756913e-01
2.511485513265534042e+00
1.506902015750932571e-02
6.295454631611636209e+00
1.313133283627347103e-01
7.712956093318708461e+00
6.099287962146118680e+00
7.426712044802317482e-03
2.508013119763438326e+00
2.554216893139004199e-02
1.601371930084978246e+00
3.009219546359552577e+00
7.296348672481091369e-02
3.724416707292981799e-01
3.441206296789632191e+00
nan
2.941353719660019017e+00
3.403030477901004325e+00
1.282690282455318131e+00
2.325290296141995672e+00
2.338774083429457029e+00
2.830132717792015917e+00
3.506790241108311695e-02
1.245224657848181149e+00
5.894837623540970517e-01
6.619097115484294802e-01
1.621747402900276303e+00
2.111129914328667770e-02
1.120180572078831871e-01
1.503290142282280861e+00
8.227733970130580721e-01
1.712849740697298451e+00
2.789499433847607117e-03
2.845905529515268650e+00
1.551111142164149470e+00
9.104298518401829909e-01
2.681990008181579788e-02
3.117444588941058192e-02
1.064617773734753969e+00
3.029922255073143944e+00
2.148449704533061055e+00
4.461240000000000094e+00
2.459146031863198786e-02
1.546160912975792723e+00
1.396642263443027110e+00
4.383434972131574625e-01
2.038936811593715870e+00
1.341780855602602573e-01
2.329824548544150442e+00
1.775920004741712521e+00
1.564005565460860225e+00
2.133144829595745584e+00
7.771980222765556383e-03
1.779954335809761590e+00
1.798207028326197054e+00
1.499509518518665985e+00
4.820636504832033487e-02
4.515696152229570562e-03
7.266168593261402853e-01
1.055436024369141856e+00
2.873937615716611216e+00
7.627540966338794415e-02
1.398676411203603198e-02
1.057437992511352405e-02
1.680945597451585435e-02
4.101165349310173625e+00
2.802453905601423045e+00
1.087647442512900027e-02
1.480490031563306240e-02
2.885226540405432250e+00
5.658504057049302816e-01
4.781324634862757494e-01
2.181756040502566552e-02
1.790950499402796492e+00
4.357845062238430156e-02
4.738455971425978852e+00
3.057747474237655361e+00
8.473058508477631853e-03
2.883479877062047336e+00
2.355268322766850719e+00
2.739457268268332246e+00
3.176327892820469678e+00
8.959086683750111871e-03
4.618151991781011212e+00
4.791914382093648506e+00
3.983115925540782865e+00
1.424735518712526572e-01
1.034612630586757148e-02
2.456048485230678757e+00
2.129710118476126457e+00
2.818170147405928638e+00
8.727073403777821925e-01
2.108353507159480555e-01
2.433245540395624282e-02
2.515469917806712266e-02
5.955996580527236905e-02
1.446370041241780702e-01
